35654
0
865
94
5
9076
48133
11
33909
2545
7482
82
5
7
3060
592
80819
0
5953
3903
816
81359
78
9833
8
99
0
3
48
0
58
428
20
737
2576
49
43220
9503
0
33729
2
11154
83
1547
721
19
77
108
1054
6
1
415
255
28
2
2
0
91
1
1
4067
6
55006
7251
625
8
5874
57
6460
5
82
15176
59028
7109
0
94
16
8095
0
0
3944
484
9371
67439
496
2
0
6
85
605
84621
6
15
0
80
9
5780
55149
58351
7174
22
8065
7
0
0
4741
7736
0
0
796
8
6
872
8240
9457
97283
0
1840
76
47
18
975
1207
2406
9
7
530
0
505
85
47
9945
6903
0
83
529
71
0
4423
2
3085
87
753
9362
2369
96816
6
6177
92
7
0
62
0
0
53
20371
13
805
38
3
35605
0
98
95
4
1
0
83153
9402
59303
0
441
22
2439
3264
6147
68
0
3082
0
1
0
0
0
59544
846
0
47459
6464
965
5296
67247
576
86
353
6671
7886
83587
843
0
28
749
0
122
2742
63002
965
46861
913
27
564
0
1706
178
4898
8970
81
64845
72389
4849
5
40
6
54
112
1371
2
675
0
5
0
7564
3576
67146
25
9
31
24
58
74193
12045
48
0
0
0
80892
5
0
63
7281
196
1
129
0
8
15
41
0
0
0
190
87
1792
11
8
0
272
0
97195
79155
6
0
0
600
50
2944
32129
669
270
0
0
4860
2
95
0
309
907
4
4266
31553
34687
3
2
0
5
4
9378
91
8
246
3
49
0
2337
7
0
0
7
446
938
5
72
883
0
92
76955
625
1970
0
30
598
0
404
5719
45970
1
168
234
8990
0
0
588
0
0
0
0
0
15
304
0
45170
0
370
0
45
138
0
54
777
49
51
788
0
217
9
0
34577
73
0
7
0
51
53187
799
54139
7004
0
4123
1741
0
28
590
59
5491
70
8
9
3
20490
73689
2126
66002
9
0
70
0
23212
7
188
0
1
502
47
523
863
6
0
13
4903
94497
73049
0
7863
4
0
676
117
920
1065
80
0
2487
814
6
7922
41
3738
4
95858
21192
9982
852
53431
6
36
0
1561
5606
0
5678
2
861
9
4211
7929
10
0
345
31
623
32
4
8
0
96905
95846
0
7
316
0
0
910
0
4239
0
877
630
184
7643
0
5726
71
38
90
52
7
7811
817
0
22003
84
84
413
701
93
98718
0
51570
0
31
49064
8
1
0
5627
936
594
214
3
6427
54
47001
0
79
0
3250
65
9327
72951
0
