12
39
0
0
5
6
8150
0
29285
35499
0
13
38679
54
0
14896
12
164
24
6
45
6729
4426
3
22
268
175
18
572
1
82775
0
80
623
0
3
64659
93215
497
87231
82387
4799
264
6
97503
49992
1454
830
0
0
37
21
22
375
4
3196
49
0
9302
48
148
50
0
8
0
0
38856
95062
0
1
0
0
5
7
994
5
0
568
72582
816
97
6
546
33079
3
57
7
0
22
2550
70598
0
823
94082
0
4077
97
2
28
8310
0
0
7077
3165
627
197
3
774
873
2
32
9
47
4564
0
5824
0
0
1
0
789
32456
5
18
0
566
434
0
96951
174
3
37
3
8743
40318
9736
0
0
1
902
5634
37
532
6461
849
41981
5
6
12985
0
0
9
6146
4638
65001
69301
18778
0
7048
0
4
366
1206
0
90
96
560
6894
7
989
0
98
4
0
4
7
0
3455
6157
0
50
42
4351
0
4198
81316
5
86
7
34049
0
0
29
84
8743
632
58
48
5129
33893
5891
8
73
757
11993
0
0
52
7
50
1817
393
4394
3
305
0
7
51734
2728
0
6
39
17
0
13
119
0
6
1023
176
73171
1989
2
996
54631
718
3
5
2910
0
0
65
11
92861
50
2620
0
584
4
55
359
9156
106
1428
5584
91103
9
0
34
12
0
67680
18
8
3832
37379
9196
9
67616
870
90682
3518
0
0
8275
96929
75
602
84
0
0
80852
8402
8871
77013
388
0
0
161
6
8792
82332
99
3
3
0
10
35798
1413
0
990
483
6
0
76
523
22357
68923
0
4983
93432
4424
7583
0
24
7
8
2280
87047
46436
8
435
989
229
4
6124
191
3920
5
5
9
959
74767
8511
65
0
71
275
71266
76
5
5281
0
2667
70
6051
6177
71916
1
73760
0
0
50514
9308
33451
2629
282
20
18225
8026
34
0
762
30
8877
4
1
49
0
0
20
362
7858
7
6577
5029
497
340
4808
0
484
622
37018
76
1
64027
0
0
0
496
2
8611
60802
8748
22904
450
85009
171
73
39121
80422
2488
0
0
44029
81157
472
0
16
4140
0
8953
92
0
8671
1689
0
59416
86
40
4
3064
99276
9
0
710
67
94131
57402
535
7
5694
0
50645
320
33860
10
0
51
6566
63
67
32154
172
5
83
8232
7157
711
9723
85937
867
2346
9689
2542
1
0
36
888
8
49
4
85872
38758
98980
13461
263
5624
0
9
6136
4672
2
0
865
0
14
0
0
206
2051
29236
7
0
110
3
54753
62269
2
0
14792
65947
0
4
120
707
68
90096
8
0
