execute time is : 0ms
0
0
0
0
0
0
0
0
0
0
0
0
0
0
0
0
0
0
0
0
0
0
0
0
0
0
0
0
0
0
0
0
0
0
0
0
0
0
0
0
0
0
0
0
0
0
0
0
0
0
0
0
0
0
0
0
0
0
0
0
0
0
0
0
0
0
0
0
0
0
0
0
0
0
0
0
0
0
0
0
0
0
0
0
0
0
0
0
0
0
0
0
0
0
0
0
0
0
0
1
1
1
1
1
1
1
1
1
2
2
2
2
2
2
2
2
2
3
3
3
3
3
3
4
4
4
4
4
4
5
5
5
5
5
5
5
5
6
6
6
6
6
6
6
6
6
6
6
7
7
7
7
7
7
7
7
7
7
8
8
8
8
8
8
8
8
8
9
9
9
9
9
9
9
10
11
11
13
13
15
15
15
16
18
19
20
22
22
24
25
27
28
28
28
30
31
31
31
32
36
38
38
40
41
41
45
47
47
47
48
48
49
49
49
50
51
51
52
53
54
54
54
57
58
58
59
62
63
65
68
70
70
71
71
72
73
76
77
78
79
80
80
81
82
82
83
83
84
84
85
85
86
87
87
90
91
91
92
92
93
94
94
95
95
98
99
108
112
117
122
129
138
168
178
184
188
190
196
214
217
234
246
255
270
272
304
309
316
345
353
370
404
413
415
428
441
446
484
496
502
505
523
529
530
564
576
588
590
592
594
598
600
605
623
625
625
630
669
675
676
701
721
737
749
753
777
788
796
799
805
814
816
817
843
846
852
861
863
865
872
877
883
907
910
913
920
936
938
965
965
975
1054
1065
1207
1371
1547
1561
1706
1741
1792
1840
1970
2126
2337
2369
2406
2439
2487
2545
2576
2742
2944
3060
3082
3085
3250
3264
3576
3738
3903
3944
4067
4123
4211
4239
4266
4423
4741
4849
4860
4898
4903
5296
5491
5606
5627
5678
5719
5726
5780
5874
5953
6147
6177
6427
6460
6464
6671
6903
7004
7109
7174
7251
7281
7482
7564
7643
7736
7811
7863
7886
7922
7929
8065
8095
8240
8970
8990
9076
9327
9362
9371
9378
9402
9457
9503
9833
9945
9982
11154
12045
15176
20371
20490
21192
22003
23212
31553
32129
33729
33909
34577
34687
35605
35654
43220
45170
45970
46861
47001
47459
48133
49064
51570
53187
53431
54139
55006
55149
58351
59028
59303
59544
63002
64845
66002
67146
67247
67439
72389
72951
73049
73689
74193
76955
79155
80819
80892
81359
83153
83587
84621
94497
95846
95858
96816
96905
97195
97283
98718
